function [ Linear_Vel, Ang_Vel ] = loadControlData()


Linear_Vel=[1569260785.6602151394, 0.10191611038685130519,
1569260786.601600647, 0,
1569260787.0768988132, 0,
1569260787.5700454712, 0,
1569260789.9820299149, 0,
1569260790.6157367229, 0,
1569260791.842815876, 0.10191611038685130519,
1569260794.3507192135, 0,
1569260794.6836383343, 0,
1569260795.7005836964, 0,
1569260796.2084515095, 0.10191611038685130519,
1569260813.5849084854, 0,
1569260814.156293869, 0,
1569260818.4392359257, 0,
1569260819.1242580414, 0.10191611038685130519,
1569260819.9717159271, 0,
1569260820.6399533749, 0.10191611038685130519,
1569260844.520329237, 0,
1569260845.3184280396, 0,
1569260850.0224978924, 0,
1569260850.6213989258, 0.10191611038685130519,
1569260851.9305920601, 0,
1569260852.5916118622, 0,
1569260853.6579115391, 0,
1569260854.3798236847, 0.10191611038685130519,
1569260856.1731109619, 0,
1569260856.5025970936, 0,
1569260857.648576498, 0,
1569260858.1909167767, 0.10191611038685130519,
1569260860.8961319923, 0,
1569260861.3733155727, 0.10191611038685130519,
1569260865.1803913116, 0,
1569260865.6376011372, 0.10191611038685130519,
1569260875.4695544243, 0,
1569260876.0957715511, 0,
1569260880.326084137, 0,
1569260881.6884040833, 0.10191611038685130519,
1569260882.4918954372, 0,
1569260883.1383852959, 0,
1569260883.7709281445, 0.10191611038685130519,
1569260884.7863972187, 0,
1569260885.055760622, 0.10191611038685130519,
1569260908.0878427029, 0,
1569260908.8506982327, 0,
1569260912.7756044865, 0];

Ang_Vel = [1568512770.5879683495, 0
1568512771.5288131237, -0.35391529873004656803
1568512772.0045721531, 0
1568512772.4976325035, -0.35391529873004656803
1568512774.9098613262, -0.35391529873004656803
1568512775.5435717106, 0
1568512776.770607233, 0
1568512779.2785844803, 0
1568512779.6114737988, 0.35391529873004656803
1568512780.6282875538, 0
1568512781.1362752914, 0
1568512798.5123813152, 0
1568512799.083943367, 0.35391529873004656803
1568512803.3668792248, 0
1568512804.0520405769, 0
1568512804.8995363712, -0.35391529873004656803
1568512805.5678238869, 0
1568512829.4481358528, 0
1568512830.2462685108, 0.35391529873004656803
1568512834.9500639439, 0
1568512835.5492341518, 0
1568512836.8588240147, -0.35391529873004656803
1568512837.5194945335, -0.35391529873004656803
1568512838.5856277943, 0
1568512839.3075559139, 0
1568512841.1009511948, 0
1568512841.4303612709, 0.35391529873004656803
1568512842.5762104988, 0
1568512843.118786335, 0
1568512845.8236939907, -0.35391529873004656803
1568512846.3011102676, 0
1568512850.1082005501, -0.35391529873004656803
1568512850.5655252934, 0
1568512860.3973186016, 0
1568512861.0211660862, 0.35391529873004656803
1568512865.2538249493, 0
1568512866.6162712574, 0
1568512867.4198381901, -0.35391529873004656803
1568512868.0660140514, -0.35391529873004656803
1568512868.6985588074, 0
1568512869.7140007019, -0.35391529873004656803
1568512869.9832975864, 0
1568512893.0155403614, 0
1568512893.6701729298, 0.35391529873004656803
1568512897.7033956051, 0];



end