function Encoder_Vel = loadEncoderVel()

Encoder_Vel = [1580414867.0600631237, 0.35029661655426025391, 1580414867.0600631237, 0.43678483366966247559, 1580414867.0600631237, 0.43056380748748779297, 1580414867.0600631237, 0.4592132568359375
1580414867.2650897503, 0.31795483827590942383, 1580414867.2650897503, 0.45330357551574707031, 1580414867.2650897503, 0.4392134249210357666, 1580414867.2650897503, 0.43576923012733459473
1580414867.4696772099, 0.32962238788604736328, 1580414867.4696772099, 0.45381659269332885742, 1580414867.4696772099, 0.42240339517593383789, 1580414867.4696772099, 0.42404723167419433594
1580414867.6745374203, 0.33437338471412658691, 1580414867.6745374203, 0.43317914009094238281, 1580414867.6745374203, 0.41231736540794372559, 1580414867.6745374203, 0.42715874314308166504
1580414867.879178524, 0.32238942384719848633, 1580414867.879178524, 0.43585661053657531738, 1580414867.879178524, 0.41404733061790466309, 1580414867.879178524, 0.4179611504077911377
1580414868.0842227936, 0.32185438275337219238, 1580414868.0842227936, 0.4359900057315826416, 1580414868.0842227936, 0.40991818904876708984, 1580414868.0842227936, 0.41187509894371032715
1580414868.216534853, 0.36040100455284118652, 1580414868.216534853, 0.44247695803642272949, 1580414868.216534853, 0.38599798083305358887, 1580414868.216534853, 0.40421044826507568359
1580414868.4937741756, 0.3701419532299041748, 1580414868.4937741756, 0.44535693526268005371, 1580414868.4937741756, 0.38249182701110839844, 1580414868.4937741756, 0.40037813782691955566
1580414868.6985988617, 0.37458771467208862305, 1580414868.6985988617, 0.45404866337776184082, 1580414868.6985988617, 0.38376969099044799805, 1580414868.6985988617, 0.3946971893310546875
1580414868.9034049511, 0.37968224287033081055, 1580414868.9034049511, 0.44573557376861572266, 1580414868.9034049511, 0.38462162017822265625, 1580414868.9034049511, 0.3993638455867767334
1580414869.1082243919, 0.28550535440444946289, 1580414869.1082243919, 0.47101157903671264648, 1580414869.1082243919, 0.43747505545616149902, 1580414869.1082243919, 0.38566857576370239258
1580414869.3131315708, 0.31200781464576721191, 1580414869.3131315708, 0.45182669162750244141, 1580414869.3131315708, 0.4156411588191986084, 1580414869.3131315708, 0.39801135659217834473
1580414869.5178067684, 0.32121634483337402344, 1580414869.5178067684, 0.45686239004135131836, 1580414869.5178067684, 0.40472418069839477539, 1580414869.5178067684, 0.39572882652282714844
1580414869.6190721989, 0.32225313782691955566, 1580414869.6190721989, 0.45341706275939941406, 1580414869.6190721989, 0.40155559778213500977, 1580414869.6190721989, 0.39774087071418762207
1580414869.9273333549, 0.32364234328269958496, 1580414869.9273333549, 0.44531536102294921875, 1580414869.9273333549, 0.39944317936897277832, 1580414869.9273333549, 0.40190020203590393066
1580414870.0190565586, 0.31615117192268371582, 1580414870.0190565586, 0.42349454760551452637, 1580414870.0190565586, 0.40261611342430114746, 1580414870.0190565586, 0.41229856014251708984
1580414870.2345068455, 0.35445439815521240234, 1580414870.2345068455, 0.44239470362663269043, 1580414870.2345068455, 0.38112995028495788574, 1580414870.2345068455, 0.39885678887367248535
1580414870.439309597, 0.3645604252815246582, 1580414870.439309597, 0.46892452239990234375, 1580414870.439309597, 0.37884080410003662109, 1580414870.439309597, 0.38368198275566101074
1580414870.6441862583, 0.3888410031795501709, 1580414870.6441862583, 0.45921063423156738281, 1580414870.6441862583, 0.37070414423942565918, 1580414870.6441862583, 0.39148497581481933594
1580414870.8488562107, 0.37397274374961853027, 1580414870.8488562107, 0.44748079776763916016, 1580414870.8488562107, 0.38500559329986572266, 1580414870.8488562107, 0.39950492978096008301
1580414871.0536375046, 0.34556356072425842285, 1580414871.0536375046, 0.44103065133094787598, 1580414871.0536375046, 0.40385127067565917969, 1580414871.0536375046, 0.4026469886302947998
1580414871.2584240437, 0.35347378253936767578, 1580414871.2584240437, 0.45791825652122497559, 1580414871.2584240437, 0.39886125922203063965, 1580414871.2584240437, 0.39242243766784667969
1580414871.463299036, 0.34069246053695678711, 1580414871.463299036, 0.45280569791793823242, 1580414871.463299036, 0.40482017397880554199, 1580414871.463299036, 0.39576408267021179199
1580414871.6680271626, 0.33698034286499023438, 1580414871.6680271626, 0.42421853542327880859, 1580414871.6680271626, 0.40501394867897033691, 1580414871.6680271626, 0.41129541397094726562
1580414871.8727345467, 0.33807170391082763672, 1580414871.8727345467, 0.40962964296340942383, 1580414871.8727345467, 0.40232515335083007812, 1580414871.8727345467, 0.41601362824440002441
1580414872.0776495934, 0.29969480633735656738, 1580414872.0776495934, 0.37815326452255249023, 1580414872.0776495934, 0.42096498608589172363, 1580414872.0776495934, 0.42780923843383789062
1580414872.2824144363, 0.34199124574661254883, 1580414872.2824144363, 0.39926123619079589844, 1580414872.2824144363, 0.39336252212524414062, 1580414872.2824144363, 0.40919724106788635254
1580414872.488237381, 0.37527352571487426758, 1580414872.488237381, 0.41698423027992248535, 1580414872.488237381, 0.37533432245254516602, 1580414872.488237381, 0.39566430449485778809
1580414872.6922419071, 0.38555103540420532227, 1580414872.6922419071, 0.41884660720825195312, 1580414872.6922419071, 0.37466210126876831055, 1580414872.6922419071, 0.39430767297744750977
1580414872.8968183994, 0.38141193985939025879, 1580414872.8968183994, 0.42174574732780456543, 1580414872.8968183994, 0.38266792893409729004, 1580414872.8968183994, 0.39340326189994812012
1580414873.1029164791, 0.31919625401496887207, 1580414873.1029164791, 0.39559486508369445801, 1580414873.1029164791, 0.41959032416343688965, 1580414873.1029164791, 0.40805011987686157227
1580414873.3064351082, 0.331012725830078125, 1580414873.3064351082, 0.42506167292594909668, 1580414873.3064351082, 0.40935394167900085449, 1580414873.3064351082, 0.39038857817649841309
1580414873.5112943649, 0.3415381312370300293, 1580414873.5112943649, 0.4112250208854675293, 1580414873.5112943649, 0.40000879764556884766, 1580414873.5112943649, 0.39846566319465637207
1580414873.7167594433, 0.35614794492721557617, 1580414873.7167594433, 0.42776221036911010742, 1580414873.7167594433, 0.39102011919021606445, 1580414873.7167594433, 0.38978561758995056152
1580414873.9207406044, 0.34817826747894287109, 1580414873.9207406044, 0.42540389299392700195, 1580414873.9207406044, 0.39629960060119628906, 1580414873.9207406044, 0.3924528658390045166
1580414874.1256594658, 0.35607412457466125488, 1580414874.1256594658, 0.47949495911598205566, 1580414874.1256594658, 0.39259040355682373047, 1580414874.1256594658, 0.36530521512031555176
1580414874.2269380093, 0.37093576788902282715, 1580414874.2269380093, 0.44554144144058227539, 1580414874.2269380093, 0.3857180178165435791, 1580414874.2269380093, 0.39007174968719482422
1580414874.4329612255, 0.3743572235107421875, 1580414874.4329612255, 0.46808043122291564941, 1580414874.4329612255, 0.38650882244110107422, 1580414874.4329612255, 0.38132017850875854492
1580414874.6377501488, 0.39160063862800598145, 1580414874.6377501488, 0.46571725606918334961, 1580414874.6377501488, 0.38022014498710632324, 1580414874.6377501488, 0.3862139582633972168
1580414874.8427603245, 0.38588091731071472168, 1580414874.8427603245, 0.45466285943984985352, 1580414874.8427603245, 0.38729962706565856934, 1580414874.8427603245, 0.39511242508888244629
1580414875.0472652912, 0.37384435534477233887, 1580414875.0472652912, 0.43026146292686462402, 1580414875.0472652912, 0.39654433727264404297, 1580414875.0472652912, 0.40890467166900634766
1580414875.2519164085, 0.37982022762298583984, 1580414875.2519164085, 0.43834012746810913086, 1580414875.2519164085, 0.39398995041847229004, 1580414875.2519164085, 0.40223017334938049316
