function [x,y,psi,i,u,w,uref,wref,xs,ys,psis,us,ws] = genrobotdata(x0,y0,xs0,ys0,psi0,psis0,xd,yd,tolerance)
    %% Parâmetros do Robô

    %Coeficientes

    theta=[0.2604 0.2509 -0.000499 0.9965 0.00263 1.0768];
    a=0.2;
    controlled = 0;
    
    
    %Valores Máximos
    umax = 0.1;
    wmax = 1.745;
    dumax = 0.3;
    dwmax = 1.745;

    %Condições Iniciais
    %x0=0;
    %y0=0;
    %psi0=2*pi;
    x(1)=x0;
    y(1)=y0;
    psi(1)=psi0;
    u(1)=0;
    w(1)=0;
    du(1)=0;
    dw(1)=0;
    ts=0.01;
    i=1;
    
    xs(1)=xs0;
    ys(1)=ys0;
    psis(1)=psis0;
    us(1)=0;
    ws(1)=0;
    us(1)=0;
    dus(1)=0;
    dws(1)=0;
    s(1) = 0;

    %Parâmetros Controlador

    kx=0.5;
    ky=0.5;
    lx=0.5;
    ly=0.5;

    %Destino
    %xd=1;
    %yd=1;
    %tolerance=0.1;
%     

%Big
%     Param4 = [ 0         0         0         0;
%    -4.1168         0         0         0;
%          0   -2.7895         0         0;
%     4.0972         0         0         0;
%          0    2.7455         0         0;
%          0         0         0         0;
%          0         0         0         0;
%          0         0         0         0;
%          0         0         0         0;
%          0         0         0         0;
%          0         0         0         0;
%          0         0         0         0;
%          0         0         0         0;
%          0         0         0         0;
%          0         0         0         0];
     
     
     
     
 %L PARAM
 
 Param4 = [[ 0.00000000e+00,  0.00000000e+00,  8.12588912e-02,         1.02762960e-01],
       [-3.86254713e+00,  0.00000000e+00,  8.95445940e+00,         2.57868209e+00],
       [ 0.00000000e+00, -4.27083022e+00,  5.48153206e+00,        -4.28843823e+02],
       [ 3.85610286e+00,  0.00000000e+00, -1.29182274e+01,        -3.42746030e+00],
       [ 0.00000000e+00,  3.63690949e+00,  3.33135802e+00,         1.18532944e+02],
       [ 0.00000000e+00,  0.00000000e+00,  4.73056414e+01,         1.34433889e+00],
       [ 1.30150533e-01, -3.31427267e-01, -1.35914458e+01,         2.18149279e+03],
       [ 0.00000000e+00,  3.61519575e-02,  1.21614857e-01,         1.29215245e+02],
       [-8.12459871e-02,  0.00000000e+00, -8.95094867e+01,        -7.33704409e+00],
       [-1.17406761e-01, -7.01458333e-01,  3.07445282e+00,        -1.26766177e+03],
       [ 1.21521215e-01,  0.00000000e+00,  4.98399247e+01,         7.06334382e+00],
       [-1.43585900e-01,  1.58154723e+00, -1.42472295e+01,        -6.69658336e+02],
       [ 0.00000000e+00, -4.90011868e-02, -2.05317446e+00,         8.59871449e+01],
       [ 1.43394287e-01, -6.12849381e-01,  5.82321087e+00,         3.99243007e+02],
       [ 0.00000000e+00,  1.75452395e-01, -1.34341521e+00,        -3.40974269e+01]];
     

 %SQUARE PARAM
 
 Param4 = [[ 0.00000000e+00,  0.00000000e+00,  0.00000000e+00,         1.30741473e-01],
       [-4.04059716e+00,  0.00000000e+00,  1.59214747e+01,         1.56521837e+01],
       [ 0.00000000e+00, -4.38615127e+00,  6.25717062e+00,        -3.54177262e+02],
       [ 4.05506251e+00,  0.00000000e+00, -1.99609482e+01,        -1.86612004e+01],
       [ 0.00000000e+00,  4.07493885e+00, -3.24548433e+00,         1.75079055e+02],
       [ 0.00000000e+00,  0.00000000e+00,  5.14732036e+01,         9.89585737e+00],
       [ 0.00000000e+00,  0.00000000e+00, -1.00538792e+01,         1.79289225e+03],
       [ 0.00000000e+00,  0.00000000e+00,  9.89831167e-01,         9.96374947e+01],
       [ 2.71357046e-01,  0.00000000e+00, -1.10789592e+02,        -4.45732588e+01],
       [ 0.00000000e+00, -3.19676734e-01, -2.42475207e+00,        -1.03162525e+03],
       [-2.73585177e-01,  0.00000000e+00,  6.73440742e+01,         4.02386769e+01],
       [ 0.00000000e+00,  0.00000000e+00,  5.81505259e+00,        -8.45308066e+02],
       [ 0.00000000e+00,  0.00000000e+00, -2.50760231e+00,         7.10512105e+01],
       [ 0.00000000e+00,  0.00000000e+00,  0.00000000e+00,         4.51802309e+02],
       [ 0.00000000e+00,  0.00000000e+00,  1.31192378e+00,        -5.90679622e+01]];

   
% Short

% Param4 = [[ 0.00000000e+00,  0.00000000e+00,  0.00000000e+00,        -3.05130310e-02],
%        [-3.92541185e+00,  0.00000000e+00,  1.29462082e+00,         1.15559486e+01],
%        [ 0.00000000e+00, -4.39529279e+00, -1.00117037e-01,        -9.26757529e+00],
%        [ 3.93482980e+00,  0.00000000e+00, -1.76038623e+00,        -8.20373340e+00],
%        [ 0.00000000e+00,  4.07823437e+00,  4.29638346e-02,         6.84690799e+00],
%        [ 0.00000000e+00,  0.00000000e+00, -8.69759916e+00,        -2.19203986e+02],
%        [ 0.00000000e+00,  0.00000000e+00, -9.46494000e+00,         3.07126046e+01],
%        [ 0.00000000e+00,  0.00000000e+00,  6.37780330e-01,       -4.49873135e+00],
%        [ 0.00000000e+00,  0.00000000e+00,  9.61004472e+00,         2.79629836e+02],
%        [ 0.00000000e+00, -1.02162167e-01,  8.62654641e+00,        -8.94434463e+00],
%        [ 0.00000000e+00,  0.00000000e+00, -4.71769901e-01,        -6.48190880e+01],
%        [ 0.00000000e+00,  0.00000000e+00,  8.21108500e+00,        -9.59379215e+00],
%        [ 0.00000000e+00,  0.00000000e+00, -2.62533960e-01,         4.72611776e+00],
%        [ 0.00000000e+00,  0.00000000e+00, -7.13255538e+00,        -3.31682717e+00],
%        [ 0.00000000e+00,  0.00000000e+00,  0.00000000e+00,        -7.99674585e-01]];


   
% Param4 = [[-7.74573440e-04, -8.41096559e-04,  1.04541248e-02,        -2.74764291e-02],
%        [-3.90503762e+00,  4.05705103e-03, -4.36474558e+00,        -1.65154921e+00],
%        [ 0.00000000e+00, -4.37289792e+00, -2.33832631e-01,        -1.36248938e+01],
%        [ 3.91962824e+00, -1.35738067e-03,  4.31332568e+00,         1.84405577e+00],
%        [ 0.00000000e+00,  4.07067460e+00,  1.15816236e-01,         7.73725899e+00],
%        [-1.58473350e-02, -4.14724221e-03, -8.05675050e+00,        -9.85517106e+00],
%        [ 0.00000000e+00,  1.36934923e-02, -3.10062814e-01,        -2.17473365e+00],
%        [-3.01187559e-03,  0.00000000e+00, -3.21509104e-01,         7.61730404e-02],
%        [ 1.61968728e-02, -2.78632052e-03,  1.52101889e+01,         1.65441505e+01],
%        [ 0.00000000e+00, -1.39674503e-01,  5.54828473e-01,         1.55491135e+01],
%        [ 0.00000000e+00,  4.71123723e-03, -7.07768686e+00,        -6.91405883e+00],
%        [ 0.00000000e+00,  2.31617511e-02, -1.22223844e-02,        -8.61345194e+00],
%        [ 4.72870148e-03,  0.00000000e+00,  3.86077453e-01,        -3.45930540e-01],
%        [ 0.00000000e+00,  3.11487666e-03, -1.69431496e-01,        -3.85878623e+00],
%        [ 0.00000000e+00,  0.00000000e+00,  2.30113680e-02,         2.37731945e-01]];
% 
% NEW BIG
%  Param4 = [ 0         0         0         0;
%    -3.9050         0         0         0;
%          0   -4.3729         0         0;
%     3.9196         0         0         0;
%          0    4.0707         0         0;
%          0         0         0         0;
%          0    0.0137         0         0;
%    0.0030         0         0         0;
%          0         0         0         0;
%          0         0         0         0;
%          0         0         0         0;
%          0         0         0         0;
%          0         0         0         0;
%          0         0         0         0;
%          0         0         0         0];
%      
Param4 = [  0         0         0         0
   -3.8268         0         0         0
         0   -4.2917         0         0
    3.8402         0         0         0
         0    3.9857         0         0
         0         0         0         0
         0   -0.0105         0         0
   -0.0019         0         0         0
         0         0         0         0
         0         0         0         0
         0         0         0         0
         0         0         0         0
         0         0         0         0
         0         0         0         0
         0         0         0         0];


%Big

