function [ Data ] = loadSimData()

Data = [2941.6190000000001419, 0, 2941.6190000000001419, 0, 2941.6190000000001419, 4.9306278228759765625, 2941.6190000000001419, 4.9946460723876953125, 2941.6190000000001419, 0.40001654624938964844
2941.8690000000001419, 0, 2941.8690000000001419, 0, 2941.8690000000001419, 4.9303436279296875, 2941.8690000000001419, 4.9945197105407714844, 2941.8690000000001419, 0.39995086193084716797
2942.1190000000001419, 0, 2942.1190000000001419, 0, 2942.1190000000001419, 4.9301552772521972656, 2942.1190000000001419, 4.9944410324096679688, 2942.1190000000001419, 0.39996203780174255371
2942.3699999999998909, 0, 2942.3699999999998909, 0, 2942.3699999999998909, 4.9298729896545410156, 2942.3699999999998909, 4.9943222999572753906, 2942.3699999999998909, 0.39997902512550354004
2942.6190000000001419, 0, 2942.6190000000001419, 0, 2942.6190000000001419, 4.9296832084655761719, 2942.6190000000001419, 4.994235992431640625, 2942.6190000000001419, 0.39990794658660888672
2942.8699999999998909, 0, 2942.8699999999998909, 0, 2942.8699999999998909, 4.929401397705078125, 2942.8699999999998909, 4.9941172599792480469, 2942.8699999999998909, 0.39992445707321166992
2943.1190000000001419, 0, 2943.1190000000001419, 0, 2943.1190000000001419, 4.9292130470275878906, 2943.1190000000001419, 4.9940385818481445312, 2943.1190000000001419, 0.39993581175804138184
2943.3690000000001419, 0, 2943.3690000000001419, 0, 2943.3690000000001419, 4.9289317131042480469, 2943.3690000000001419, 4.9939131736755371094, 2943.3690000000001419, 0.39987078309059143066
2943.6199999999998909, 0, 2943.6199999999998909, 0, 2943.6190000000001419, 4.9287433624267578125, 2943.6190000000001419, 4.9938344955444335938, 2943.6190000000001419, 0.39988166093826293945
2943.8699999999998909, 0, 2943.8699999999998909, 0, 2943.8690000000001419, 4.9284610748291015625, 2943.8690000000001419, 4.9937157630920410156, 2943.8690000000001419, 0.39989876747131347656
2944.1190000000001419, 0, 2944.1190000000001419, 0, 2944.1190000000001419, 4.9282736778259277344, 2944.1190000000001419, 4.9936299324035644531, 2944.1190000000001419, 0.39982905983924865723
2944.3699999999998909, 0, 2944.3699999999998909, 0, 2944.3699999999998909, 4.9279918670654296875, 2944.3699999999998909, 4.9935116767883300781, 2944.3699999999998909, 0.399845123291015625
2944.6190000000001419, 0, 2944.6190000000001419, 0, 2944.6190000000001419, 4.9278035163879394531, 2944.6190000000001419, 4.9934329986572265625, 2944.6190000000001419, 0.3998565673828125
2944.8690000000001419, 0, 2944.8690000000001419, 0, 2944.8690000000001419, 4.9275193214416503906, 2944.8690000000001419, 4.9933066368103027344, 2944.8690000000001419, 0.39979150891304016113
2945.1199999999998909, 0, 2945.1199999999998909, 0, 2945.1199999999998909, 4.9273309707641601562, 2945.1199999999998909, 4.9932274818420410156, 2945.1199999999998909, 0.39980208873748779297
2945.3699999999998909, 0, 2945.3699999999998909, 0, 2945.3699999999998909, 4.9270486831665039062, 2945.3699999999998909, 4.9931092262268066406, 2945.3699999999998909, 0.39981931447982788086
2945.6199999999998909, 0, 2945.6199999999998909, 0, 2945.6199999999998909, 4.9268646240234375, 2945.6199999999998909, 4.9930224418640136719, 2945.6199999999998909, 0.39975506067276000977
2945.8690000000001419, 0, 2945.8690000000001419, 0, 2945.8690000000001419, 4.9265766143798828125, 2945.8690000000001419, 4.9929041862487792969, 2945.8690000000001419, 0.39976465702056884766
2946.1190000000001419, 0, 2946.1190000000001419, 0, 2946.1190000000001419, 4.9263882637023925781, 2946.1190000000001419, 4.9928255081176757812, 2946.1190000000001419, 0.39977616071701049805
2946.3690000000001419, 0, 2946.3690000000001419, 0, 2946.3690000000001419, 4.9261069297790527344, 2946.3690000000001419, 4.9927000999450683594, 2946.3690000000001419, 0.39971134066581726074
2946.6190000000001419, 0, 2946.6190000000001419, 0, 2946.6190000000001419, 4.9259166717529296875, 2946.6190000000001419, 4.9926204681396484375, 2946.6190000000001419, 0.39972132444381713867
2946.8699999999998909, 0, 2946.8699999999998909, 0, 2946.8699999999998909, 4.9256343841552734375, 2946.8699999999998909, 4.9925022125244140625, 2946.8699999999998909, 0.39973855018615722656
2947.1199999999998909, 0, 2947.1199999999998909, 0, 2947.1199999999998909, 4.9254460334777832031, 2947.1199999999998909, 4.9924230575561523438, 2947.1199999999998909, 0.3997497260570526123
2947.3690000000001419, 0, 2947.3690000000001419, 0, 2947.3690000000001419, 4.9251646995544433594, 2947.3690000000001419, 4.992298126220703125, 2947.3690000000001419, 0.3996842503547668457
2947.6199999999998909, 0, 2947.6199999999998909, 0, 2947.6199999999998909, 4.924976348876953125, 2947.6199999999998909, 4.9922189712524414062, 2947.6199999999998909, 0.39969584345817565918
2947.8719999999998436, -0.53209866796438765046, 2947.8719999999998436, -0.26205884892905445538, 2947.8719999999998436, 4.9246983528137207031, 2947.8719999999998436, 4.9920854568481445312, 2947.8719999999998436, 0.39965200424194335938
2948.1190000000001419, -0.47327173375412356915, 2948.1190000000001419, -0.26653434045386092954, 2948.1190000000001419, 4.91513824462890625, 2948.1190000000001419, 4.9802165031433105469, 2948.1190000000001419, 0.4441604912281036377
2948.3699999999998909, -0.48676784184554267032, 2948.3699999999998909, -0.26556031843218091959, 2948.3690000000001419, 4.7879452705383300781, 2948.3690000000001419, 4.9147391319274902344, 2948.3690000000001419, 0.43401494622230529785
2948.6210000000000946, -0.7139306848211662837, 2948.6210000000000946, -0.24415593191817241969, 2948.6210000000000946, 4.6585726737976074219, 2948.6210000000000946, 4.8682079315185546875, 2948.6210000000000946, 0.25621867179870605469
2948.8690000000001419, -1.105220896619975024, 2948.8690000000001419, -0.1764637945499913374, 2948.8690000000001419, 4.4689888954162597656, 2948.8690000000001419, 4.8511729240417480469, 2948.8690000000001419, -0.11168298870325088501
2949.1190000000001419, -1.3685670149467135115, 2949.1190000000001419, -0.071280944325911352322, 2949.1190000000001419, 4.3554286956787109375, 2949.1190000000001419, 4.8894877433776855469, 2949.1190000000001419, -0.53063499927520751953
2949.3690000000001419, -1.0225572585089295341, 2949.3690000000001419, 0.1953844060380154346, 2949.3690000000001419, 4.2922000885009765625, 2949.3690000000001419, 4.9769659042358398438, 2949.3690000000001419, -1.5479767322540283203
2949.6190000000001419, -0.20599862921523043324, 2949.6190000000001419, 0.27982598626728333313, 2949.6190000000001419, 4.2794060707092285156, 2949.6190000000001419, 4.9610309600830078125, 2949.6190000000001419, 4.0731739997863769531
2949.8699999999998909, 0.43052702811963428076, 2949.8699999999998909, 0.26941762956855486166, 2949.8690000000001419, 4.1234269142150878906, 2949.8690000000001419, 4.8405122756958007812, 2949.8690000000001419, 3.6176524162292480469
2950.1199999999998909, 0.58538272591801077116, 2950.1199999999998909, 0.25747443090115174069, 2950.1199999999998909, 3.9995989799499511719, 2950.1199999999998909, 4.7918820381164550781, 2950.1199999999998909, 3.5002257823944091797
2950.3690000000001419, -0.065276205321276731253, 2950.3690000000001419, 0.28254125482972247685, 2950.3690000000001419, 3.8103454113006591797, 2950.3690000000001419, 4.6703481674194335938, 2950.3690000000001419, 3.9731645584106445312
2950.6190000000001419, -0.37661917883602930024, 2950.6190000000001419, 0.27262853806106762677, 2950.6190000000001419, 3.7281467914581298828, 2950.6190000000001419, 4.5459237098693847656, 2950.6190000000001419, 4.1965537071228027344
2950.8699999999998909, -0.061403365007788729413, 2950.8699999999998909, 0.28257598105753578555, 2950.8699999999998909, 3.5939457416534423828, 2950.8699999999998909, 4.3434977531433105469, 2950.8699999999998909, 3.9704232215881347656
